version https://git-lfs.github.com/spec/v1
oid sha256:e8eef7caa8ba7ef0714df2da99073e5c6a9a6532ca2198e056ea910c2b0968e0
size 116667
